0 1 0 0 9.8560 0.5000
6 0 1 0 38.4260 0.0000
12 1 0 0 6.9570 0.5000
18 1 0 0 6.8880 0.5000
24 1 0 0 96.9470 0.1250
30 1 0 0 42.7840 0.1384
36 1 0 0 5.7510 0.5000
42 1 0 0 5.4770 0.5000
48 1 0 0 6.1820 0.5000
54 1 0 0 5.7730 0.5000
60 0 1 0 3.5090 0.0000
66 0 1 0 19.3450 0.0000
72 1 0 0 5.6870 0.5000
78 1 0 0 10.1310 0.5000
84 1 0 0 7.2090 0.5000
90 1 0 0 8.1380 0.5000
96 1 0 0 28.2030 0.1958
102 1 0 0 13.2550 0.4009
108 1 0 0 6.8090 0.5000
114 0 1 0 3.6210 0.0000
120 1 0 0 35.3980 0.1617
6 1 0 0 7.0820 0.5000
